129.951985987186
130.749576530131
131.547192723333
132.344834634108
133.142502329768
133.940195877628
134.737915345002
135.535660799205
136.333432307549
137.131229937351
137.929053755922
138.726903830579
139.524780228634
140.322683017402
141.120612264197
141.918568036333
142.716550401124
143.514559425885
144.312595177929
145.110657724571
145.908747133124
146.706863470903
147.505006805222
148.303177203394
149.101374732735
149.899599460558
150.697851454178
151.496130780907
152.294437508061
153.092771702954
153.8911334329
154.689522765212
155.487939767206
156.286384506194
157.084857049491
157.883357464412
158.68188581827
159.48044217838
160.279026612055
161.07763918661
161.876279969359
162.674949027616
163.473646428695
164.27237223991
165.071126528575
165.869909362004
166.668720807512
167.467560932413
168.26642980402
169.065327489648
169.864254056611
170.663209572223
171.462194103798
172.26120771865
173.060250484094
173.859322467443
174.658423736012
175.457554357114
176.256714398064
177.055903926176
177.855123008764
178.654371713143
179.453650106625
180.252958256526
181.052296230159
181.851664094838
182.651061917879
183.450489766594
184.249947708298
185.049435810304
185.848954139928
186.648502764484
187.448081751284
188.247691167644
189.047331080877
189.847001558299
190.646702667221
191.44643447496
192.246197048829
193.045990456141
193.845814764212
194.645670040355
195.445556351885
196.245473766115
197.04542235036
197.845402171933
198.645413298149
199.445455796322
200.245529733766
201.045635177796
201.845772195724
202.645940854866
203.446141222536
204.246373366047
205.046637352714
205.846933249851
206.647261124771
207.44762104479
208.24801307722
209.048437289377
209.848893748575
210.649382522126
211.449903677347
212.25045728155
213.05104340205
213.85166210616
214.652313461196
215.452997534471
216.253714393299
217.054464104995
217.855246736872
218.656062356244
219.456911030426
220.257792826732
221.058707812476
221.859656054972
222.660637621534
223.461652579476
224.262700996112
225.063782938757
225.864898474725
226.666047671329
227.467230595883
228.268447315703
229.069697898102
229.870982410394
230.672300919893
231.473653493913
232.275040199768
233.076461104774
233.877916276242
234.679405781489
235.480929687827
236.282488062572
237.084080973036
237.885708486535
238.687370670382
239.489067591891
240.290799318377
241.092565917153
241.894367455534
242.696204000834
243.498075620367
244.299982381447
245.101924351388
245.903901597505
246.70591418711
247.50796218752
248.310045666046
249.112164690005
249.914319326709
250.716509643474
251.518735707612
252.320997586438
253.123295347267
253.925629057412
254.727998784188
255.530404594908
256.332846556886
257.135324737438
257.937839203876
258.740390023516
259.542977263671
260.345600991654
261.148261274782
261.950958180366
262.753691775722
263.556462128164
264.359269305006
265.162113373561
265.964994401145
266.76791245507
267.570867602652
268.373859911204
269.176889448041
269.979956280476
270.783060475824
271.586202101398
272.389381224514
273.192597912484
273.995852232623
274.799144252246
275.602474038666
276.405841659197
277.209247181154
278.012690671851
278.816172198601
279.619691828719
280.423249629519
281.226845668315
282.030480012421
282.834152729152
283.637863885821
284.441613549742
285.24540178823
286.049228668599
286.853094258163
287.656998624235
288.460941834131
289.264923955164
290.068945054648
290.873005199897
291.677104458226
292.481242896948
293.285420583379
294.089637584831
294.893893968618
295.698189802056
296.502525152458
297.306900087139
298.111314673411
298.915768978591
299.72026306999
300.524797014925
301.329370880708
302.133984734654
302.938638644077
303.743332676291
304.548066898611
305.352841378349
306.157656182822
306.962511379341
307.767407035223
308.57234321778
309.377319994327
310.182337432178
310.987395598648
311.792494561049
312.597634386697
313.402815142905
314.208036896988
315.013299716259
315.818603668033
316.623948819624
317.429335238346
318.234762991513
319.040232146439
319.845742770439
320.651294930826
321.456888694914
322.262524130018
323.068201303452
323.873920282529
324.679681134565
325.485483926873
326.291328726767
327.097215601561
327.903144618569
328.709115845106
329.515129348486
330.321185196022
331.127283455029
331.933424192821
332.739607476713
333.545833374017
334.352101952048
335.158413278121
335.96476741955
336.771164443648
337.57760441773
338.384087409109
339.1906134851
339.997182713018
340.803795160176
341.610450893887
342.417149981468
343.22389249023
344.03067848749
344.837508040559
345.644381216754
346.451298083388
347.258258707774
348.065263157228
348.872311499063
349.679403800593
350.486540129133
351.293720551996
352.100945136497
352.90821394995
353.715527059669
354.522884532967
355.33028643716
356.137732839561
356.945223807484
357.752759408244
358.560339709154
359.367964777529
360.175634680682
360.983349485929
361.791109260582
362.598914071957
363.406763987367
364.214659074126
365.022599399548
365.830585030948
366.638616035639
367.446692480937
368.254814434154
369.062981962605
369.871195133604
370.679454014465
371.487758672503
372.296109175031
373.104505589363
373.912947982814
374.721436422698
375.529970976329
376.338551711021
377.147178694087
377.955851992843
378.764571674602
379.573337806678
380.382150456386
381.19100969104
381.999915577953
382.80886818444
383.617867577815
384.426913825392
385.236006994485
386.045147152408
386.854334366476
387.663568704002
388.4728502323
389.282179018686
390.091555130472
390.900978634973
391.710449599503
392.519968091376
393.329534177906
394.139147926408
394.948809404195
395.758518678582
396.568275816882
397.378080886411
398.187933954481
398.997835088407
399.807784355503
400.617781823083
401.427827558462
402.237921628953
403.04806410187
403.858255044529
404.668494524242
405.478782608323
406.289119364088
407.09950485885
407.909939159923
408.720422334622
409.530954450259
410.341535574151
411.15216577361
411.96284511595
412.773573668487
413.584351498533
414.395178673404
415.206055260413
416.016981326874
416.827956940101
417.638982167409
418.450057076111
419.261181733522
420.072356206956
420.883580563727
421.694854871149
422.506179196536
423.317553607203
424.128978170463
424.94045295363
425.751978024019
426.563553448943
427.375179295717
428.186855631656
428.998582524072
429.81036004028
430.622188247595
431.43406721333
432.245997004799
433.057977689317
433.870009334198
434.682092006756
435.494225774304
436.306410704157
437.11864686363
437.930934320036
438.743273140689
439.555663392903
440.368105143993
441.180598461273
441.993143412056
442.805740063658
443.618388483391
444.431088738571
445.24384089651
446.056645024524
446.869501189927
447.682409460031
448.495369902153
449.308382583605
450.121447571702
450.934564933759
451.747734737088
452.560957049004
453.374231936822
454.187559467855
455.000939709418
455.814372728824
456.627858593388
457.441397370424
458.254989127245
459.068633931167
459.882331849503
460.696082949567
461.509887298674
462.323744964137
463.137656013271
463.951620513389
464.765638531807
465.579710135837
466.393835392794
467.208014369993
468.022247134746
468.836533754369
469.650874296176
470.46526882748
471.279717415596
472.094220127837
472.908777031519
473.723388193954
474.538053682458
475.352773564344
476.167547906926
476.982376777519
477.797260243436
478.612198371992
479.427191230501
480.242238886276
481.057341406633
481.872498858885
482.687711310346
483.50297882833
484.318301480152
485.133679333125
485.949112454564
486.764600911783
487.580144772095
488.395744102816
489.211398971258
490.027109444737
490.842875590566
491.65869747606
492.474575168532
493.290508735297
494.106498243668
494.922543760961
495.738645354488
496.554803091565
497.371017039504
498.187287265621
499.003613837229
499.819996821643
500.636436286177
501.452932298144
502.269484924859
503.086094233636
503.902760291789
504.719483166632
505.536262925479
506.353099635645
507.169993364444
507.986944179188
508.803952147194
509.621017335775
510.438139812244
511.255319643916
512.072556898106
512.889851642127
513.707203943293
514.524613868919
515.342081486318
516.159606862805
516.977190065694
517.794831162298
518.612530219933
519.430287305912
520.248102487549
521.065975832158
521.883907407054
522.701897279551
523.519945516962
524.338052186602
525.156217355784
525.974441091824
526.792723462035
527.611064533731
528.429464374227
529.247923050835
530.066440630872
530.88501718165
531.703652770484
532.522347464688
533.341101331575
534.159914438461
534.978786852659
535.797718641483
536.616709872248
537.435760612267
538.254870928855
539.074040889326
539.893270560993
540.712560011172
541.531909307176
542.351318516318
543.170787705914
543.990316943278
544.809906295722
545.629555830563
546.449265615113
547.269035716687
548.088866202599
548.908757140164
549.728708596694
550.548720639504
551.368793335909
552.188926753223
553.009120958759
553.829376019832
554.649692003755
555.470068977844
556.290507009411
557.111006165772
557.93156651424
558.752188122129
559.572871056754
560.393615385428
561.214421175466
562.035288494182
562.85621740889
563.677207986903
564.498260295537
565.319374402105
566.140550373922
566.961788278301
567.783088182556
568.604450154003
569.425874259953
570.247360567723
571.068909144626
571.890520057976
572.712193375087
573.533929163274
574.35572748985
575.177588422129
575.999512027426
576.821498373055
577.64354752633
578.465659554565
579.287834525074
580.110072505171
580.93237356217
581.754737763386
582.577165176132
583.399655867723
584.222209905473
585.044827356695
585.867508288705
586.690252768815
587.513060864341
588.335932642596
589.158868170894
589.98186751655
590.804930746878
591.628057929191
592.451249130804
593.274504419031
594.097823861186
594.921207524584
595.744655476537
596.568167784361
597.39174451537
598.215385736877
599.039091516197
599.862861920643
600.686697017531
601.510596874173
602.334561557885
603.15859113598
603.982685675772
604.806845244576
605.631069909705
606.455359738474
607.279714798197
608.104135156188
608.92862087976
609.753172036229
610.577788692908
611.402470917112
612.227218776154
613.052032337348
613.876911668009
614.701856835451
615.526867906988
616.351944949934
617.177088031603
618.002297219309
618.827572580366
619.652914182089
620.478322091792
621.303796376788
622.129337104392
622.954944341917
623.780618156679
624.606358615991
625.432165787167
626.258039737521
627.083980534368
627.909988245021
628.736062936795
629.562204677003
630.388413532961
631.214689571981
632.041032861379
632.867443468468
633.693921460561
634.520466904975
635.347079869022
636.173760420016
637.000508625272
637.827324552105
638.654208267826
639.481159839753
640.308179335197
641.135266821473
641.962422365896
642.789646035779
643.616937898437
644.444298021184
645.271726471333
646.0992233162
646.926788623097
647.75442245934
648.582124892242
649.409895989117
650.237735817279
651.065644444044
651.893621936724
652.721668362633
653.549783789087
654.377968283398
655.206221912882
656.034544744852
656.862936846623
657.691398285507
658.519929128821
659.348529443877
660.177199297989
661.005938758473
661.834747892642
662.66362676781
663.492575451291
664.321594010399
665.150682512449
665.979841024754
666.809069614629
667.638368349388
668.467737296344
669.297176522813
670.126686096108
670.956266083542
671.785916552431
672.615637570089
673.445429203829
674.275291520966
675.105224588813
675.935228474686
676.765303245897
677.595448969761
678.425665713593
679.255953544706
680.086312530414
680.916742738031
681.747244234873
682.577817088252
683.408461365483
684.239177133879
685.069964460756
685.900823413427
686.731754059207
687.562756465408
688.393830699346
689.224976828335
690.056194919689
690.887485040721
691.718847258746
692.550281641078
693.381788255032
694.21336716792
695.045018447058
695.87674215976
696.708538373339
697.54040715511
698.372348572386
699.204362692482
700.036449582713
700.868609310392
701.700841942832
702.533147547349
703.365526191257
704.197977941869
705.0305028665
705.863101032463
706.695772507074
707.528517357645
708.361335651492
709.194227455928
710.027192838267
710.860231865823
711.693344605911
712.526531125845
713.359791492939
714.193125774506
715.026534037861
715.860016350319
716.693572779192
717.527203391796
718.360908255444
719.194687437451
720.028541005131
720.862469025797
721.696471566764
722.530548695346
723.364700478857
724.198926984611
725.033228279923
725.867604432106
726.702055508474
727.536581576342
728.371182703024
729.205858955834
730.040610402085
730.875437109093
731.710339144171
732.545316574633
733.380369467793
734.215497890966
735.050701911465
735.885981596606
736.721337013701
737.556768230065
738.392275313012
739.227858329856
740.063517347911
740.899252434492
741.735063656912
742.570951082486
743.406914778527
744.24295481235
745.079071251269
745.915264162598
746.751533613652
747.587879671743
748.424302404187
749.260801878297
750.097378161388
750.934031320773
751.770761423768
752.607568537685
753.444452729839
754.281414067544
755.118452618115
755.955568448865
756.792761627108
757.630032220158
758.467380295331
759.304805919939
760.142309161297
760.979890086719
761.817548763519
762.655285259011
763.49309964051
764.330991975329
765.168962330783
766.007010774185
766.845137372849
767.683342194091
768.521625305224
769.359986773562
770.198426666419
771.036945051109
771.875541994946
772.714217565245
773.55297182932
774.391804854485
775.230716708053
776.069707457339
776.908777169657
777.747925912322
778.587153752646
779.426460757945
780.265846995533
781.105312532723
781.94485743683
782.784481775167
783.62418561505
784.463969023791
785.303832068706
786.143774817108
786.983797336311
787.82389969363
788.664081956379
789.504344191871
790.34468646742
791.185108850342
792.02561140795
792.866194207558
793.70685731648
794.54760080203
795.388424731523
796.229329172273
797.070314191593
797.911379856798
798.752526235201
799.593753394118
800.435061400862
801.276450322747
802.117920227087
802.959471181197
803.80110325239
804.642816507981
805.484611015284
806.326486841613
807.168444054281
808.010482720604
808.852602907895
809.694804683468
810.537088114637
811.379453268717
812.221900213022
813.064429014866
813.907039741562
814.749732460425
815.592507238769
816.435364143909
817.278303243158
818.12132460383
818.96442829324
819.807614378701
820.650882927528
821.494234007034
822.337667684535
823.181184027344
824.024783102775
824.868464978142
825.71222972076
826.556077397942
827.400008077002
828.244021825256
829.088118710016
829.932298798597
830.776562158313
831.620908856478
832.465338960407
833.309852537413
834.15444965481
834.999130379913
835.843894780035
836.688742922492
837.533674874596
838.378690703662
839.223790477005
840.068974261937
840.914242125774
841.75959413583
842.605030359417
843.450550863852
844.296155716448
845.141844984518
845.987618735377
846.833477036339
847.679419954719
848.52544755783
849.371559912986
850.217757087502
851.064039148691
851.910406163869
852.756858200348
853.603395325443
854.450017606468
855.296725110737
856.143517905565
856.990396058265
857.837359636151
858.684408706538
859.53154333674
860.378763594071
861.226069545845
862.073461259376
862.920938801978
863.768502240965
864.616151643651
865.463887077352
866.311708609379
867.159616307049
868.007610237674
868.855690468569
869.703857067048
870.552110100426
871.400449636015
872.248875741131
873.097388483088
873.945987929199
874.794674146779
875.643447203141
876.492307165601
877.341254101471
878.190288078067
879.039409162702
879.88861742269
880.737912925346
881.587295737983
882.436765927916
883.286323562459
884.135968708926
884.98570143463
885.835521806887
886.68542989301
887.535425760314
888.385509476111
889.235681107718
890.085940722447
890.936288387613
891.786724170529
892.637248138511
893.487860358872
894.338560898925
895.189349825987
896.04022720737
896.891193110388
897.742247602356
898.593390750587
899.444622622397
900.295943285098
901.147352806006
901.998851252433
902.850438691695
903.702115191106
904.553880817979
905.405735639628
906.257679723369
907.109713136514
907.961835946378
908.814048220275
909.666350025519
910.518741429425
911.371222499306
912.223793302476
913.07645390625
913.929204377942
914.782044784866
915.634975194335
916.487995673665
917.341106290169
918.194307111161
919.047598203955
919.900979635866
920.754451474207
921.608013786294
922.461666639438
923.315410100956
924.169244238161
925.023169118367
925.877184808889
926.731291377039
927.585488890133
928.439777415485
929.294157020408
930.148627772217
931.003189738226
931.857842985749
932.7125875821
933.567423594594
934.422351090543
935.277370137264
936.132480802068
936.987683152272
937.842977255188
938.698363178131
939.553840988415
940.409410753354
941.265072540262
942.120826416453
942.976672449243
943.832610705943
944.688641253869
945.544764160335
946.400979492655
947.257287318143
948.113687704113
948.970180717878
949.826766426755
950.683444898056
951.540216199095
952.397080397187
953.254037559645
954.111087753785
954.968231046919
955.825467506362
956.682797199429
957.540220193433
958.397736555688
959.255346353509
960.113049654209
960.970846525103
961.828737033505
962.686721246729
963.544799232089
964.402971056899
965.261236788473
966.119596494126
966.978050241171
967.836598096923
968.695240128695
969.553976403802
970.412806989558
971.271731953277
972.130751362274
972.989865283861
973.849073785354
974.708376934066
975.567774797312
976.427267442406
977.286854936661
978.146537347392
979.006314741914
979.866187187539
980.726154751583
981.586217501359
982.446375504181
983.306628827364
984.166977538221
985.027421704068
985.887961392217
986.748596669983
987.60932760468
988.470154263623
989.331076714125
990.1920950235
991.053209259063
991.914419488127
992.775725778007
993.637128196017
994.498626809471
995.360221685683
996.221912891967
997.083700495638
997.945584564009
998.807565164394
999.669642364108
1000.53181623046
1001.39408683078
1002.25645423236
1003.11891850253
1003.9814797086
1004.84413791788
1005.70689319769
1006.56974561534
1007.43269523815
1008.29574213343
1009.15888636849
1010.02212801064
1010.88546712721
1011.74890378551
1012.61243805285
1013.47606999654
1014.3397996839
1015.20362718224
1016.06755255888
1016.93157588113
1017.7956972163
1018.65991663171
1019.52423419468
1020.38864997252
1021.25316403253
1022.11777644204
1022.98248726836
1023.8472965788
1024.71220444069
1025.57721092132
1026.44231608802
1027.3075200081
1028.17282274887
1029.03822437765
1029.90372496176
1030.7693245685
1031.63502326519
1032.50082111915
1033.36671819768
1034.23271456811
1035.09881029775
1035.9650054539
1036.8313001039
1037.69769431504
1038.56418815464
1039.43078169002
1040.2974749885
1041.16426811738
1042.03116114398
1042.89815413561
1043.76524715959
1044.63244028324
1045.49973357386
1046.36712709877
1047.23462092529
1048.10221512072
1048.96990975239
1049.83770488761
1050.70560059368
1051.57359693793
1052.44169398767
1053.30989181022
1054.17819047288
1055.04659004297
1055.91509058781
1056.78369217471
1057.65239487098
1058.52119874394
1059.3901038609
1060.25911028918
1061.12821809609
1061.99742734894
1062.86673811505
1063.73615046174
1064.60566445631
1065.47528016608
1066.34499765837
1067.21481700049
1068.08473825974
1068.95476150346
1069.82488679895
1070.69511421352
1071.5654438145
1072.43587566919
1073.3064098449
1074.17704640896
1075.04778542867
1075.91862697136
1076.78957110432
1077.66061789489
1078.53176741037
1079.40301971808
1080.27437488532
1081.14583297942
1082.01739406769
1082.88905821745
1083.760825496
1084.63269597066
1085.50466970875
1086.37674677757
1087.24892724445
1088.1212111767
1088.99359864163
1089.86608970656
1090.7386844388
1091.61138290566
1092.48418517445
1093.35709131251
1094.23010138712
1095.10321546562
1095.97643361531
1096.84975590352
1097.72318239754
1098.5967131647
1099.47034827231
1100.34408778769
1101.21793177815
1102.091880311
1102.96593345356
1103.84009127314
1104.71435383706
1105.58872121262
1106.46319346715
1107.33777066796
1108.21245288236
1109.08724017767
1109.9621326212
1110.83713028026
1111.71223322217
1112.58744151424
1113.46275522379
1114.33817441813
1115.21369916458
1116.08932953045
1116.96506558304
1117.84090738969
1118.7168550177
1119.59290853438
1120.46906800706
1121.34533350303
1122.22170508963
1123.09818283416
1123.97476680393
1124.85145706626
1125.72825368847
1126.60515673787
1127.48216628177
1128.35928238749
1129.23650512233
1130.11383455363
1130.99127074868
1131.8688137748
1132.74646369931
1133.62422058953
1134.50208451276
1135.38005553631
1136.25813372752
1137.13631915368
1138.01461188211
1138.89301198013
1139.77151951504
1140.65013455418
1141.52885716484
1142.40768741434
1143.28662537
1144.16567109913
1145.04482466905
1145.92408614706
1146.80345560049
1147.68293309665
1148.56251870284
1149.44221248639
1150.32201451461
1151.20192485482
1152.08194357432
1152.96207074043
1153.84230642047
1154.72265068175
1155.60310359159
1156.48366521729
1157.36433562618
1158.24511488556
1159.12600306275
1160.00700022507
1160.88810643982
1161.76932177433
1162.6506462959
1163.53208007186
1164.41362316951
1165.29527565617
1166.17703759916
1167.05890906578
1167.94089012335
1168.82298083919
1169.70518128061
1170.58749151492
1171.46991160945
1172.35244163149
1173.23508164837
1174.1178317274
1175.00069193589
1175.88366234117
1176.76674301053
1177.64993401131
1178.5332354108
1179.41664727633
1180.30016967521
1181.18380267475
1182.06754634227
1182.95140074508
1183.8353659505
1184.71944202583
1185.6036290384
1186.48792705552
1187.3723361445
1188.25685637266
1189.1414878073
1190.02623051575
1190.91108456532
1191.79605002333
1192.68112695707
1193.56631543388
1194.45161552107
