7.4
7.2
7.6
7.9
7.3
7.4
7.3
7.8
7.1
6.55
6.6
7.35
7.6
7.5
7.2
8.45
7.7
7.85
7.5
7.35
6.85
6.9
6.85
8.05
6.35
6.55
6.2
6.6
6.4
7.1
8.25
7.8
7.35
7.8
7.35
7.65
7.35
7.35
7.05
7.15
7.5
7.65
7.15
7.3
6.95
7.7
7.2
7.8
7.15
7.1
6.7
6.95
6.65
7.25
7.15
7.5
6.15
6.95
6.35
5.95
5.25
5.65
6.1
6.9
6.5
6.9
6.5
6.4
6.75
6.2
6.4
6.85
6.5
7.35
6.45
6.25
5.45
6.3
6.7
6.65
6.6
6.6
5.75
6.75
6.6
7.05
6.85
7.1
7.2
7.65
7.05
7.95
8.3
8.1
8.05
9.05
8.5
9.55
9.35
9.8
9
9.75
9
9.7
9.55
10.4
9.4
9.9
9.45
9.95
10.6
10.75
10.65
11.15
11.05
11.8
11.4
11.7
10.65
11.55
11.8
11.55
10.65
11.25
11
11.35
11.2
12.85
12.6
13
13.25
13.8
13.3
14.25
13.8
14.35
14.4
15.8
15.6
15.5
14.65
16.15
15.5
17.6
17.1
17.25
16.25
18.15
19
18.6
17.95
19.25
21.1
21.25
20.75
21.6
21.2
22.3
24.1
25.1
25.05
28.05
29.75
33.25
33.15
33.1
31.45
32.1
31.75
32.05
31.5
32.55
32.45
34.05
36.8
34.65
33
33.3
34.65
36.45
34.45
33.35
34.05
34.05
32.35
34.25
34.6
34.55
35.9
36.6
33.35
33.9
34.9
35.65
34.15
36.4
35.7
36.05
33.85
33.95
34.45
34.6
35
36.75
35.3
36.75
38.35
37.6
35.25
35.85
36.9
37.9
38.45
38.4
38.65
40.1
38.45
38.65
36.45
36.4
39.15
41.9
42.6
43.65
42.35
39.5
37.85
36.7
37.5
39.55
39
41.3
41.75
40.45
39.5
39.15
38.55
41.65
41.45
41.9
43.3
40.45
39.55
42.2
46.05
48
48.95
46.25
44.75
43.2
41.05
41.7
43
40.65
44.75
44.9
45.5
48.75
48.65
48.7
47.3
45.75
47.2
44.1
42.9
48
47.8
47.15
46.95
48.3
45.8
47
44.75
43.05
46.95
52.7
51.55
52.35
52.1
50.75
48.7
50.8
49.1
48.3
50.1
54.45
50.65
52.2
49.9
52.25
48.8
55.4
54.5
53.65
54.05
55.65
56.95
60.75
65.15
68.15
67.9
71.8
70.9
72.1
68.85
69.5
69.95
70.9
70.45
78
77.95
82.25
84.3
88.15
93.25
96.25
96.95
102.15
103.5
106.35
106.15
105.4
104.45
105.9
103.35
105.25
104
104.55
99.8
96.45
97.55
97.05
101.15
100.05
102.85
108.7
109
114.75
115.75
117.9
122.25
125.45
126.05
129.85
131.15
132.75
134.65
137.75
138.25
144.65
151.2
155.55
166.3
175.3
189.1
200.2
210.35
221.45
237.1
247.5
251.3
253.6
254
254
254
254
254
254
254
254
254
254
254
254
254
254
254
254
254
254
254
254
254
254
254
254
254
254
254
254
254
254
254
254
254
254
254
254
254
254
254
254
254
254
254
254
254
254
254
254
254
254
254
254
254
254
254
254
254
254
254
254
254
254
254
254
254
254
254
254
254
254
254
254
254
254
254
254
254
254
254
254
254
254
254
254
254
254
254
254
254
254
254
254
254
254
254
254
254
254
254
254
254
254
254
254
254
254
254
254
254
254
254
254
254
254
254
254
254
254
254
254
254
254
254
254
254
254
254
254
254
254
254
254
254
254
254
254
254
254
254
254
254
254
254
254
254
254
254
254
254
254
254
254
254
254
254
254
254
254
254
254
254
254
254
254
254
254
254
254
254
254
254
254
254
254
254
254
254
254
254
254
254
254
254
254
254
254
254
254
254
254
254
254
254
254
254
254
254
254
254
254
254
254
254
254
254
254
254
254
254
254
254
254
254
254
254
254
254
254
254
254
254
254
254
254
254
254
254
254
254
254
254
254
254
254
254
254
254
254
254
254
254
254
254
254
254
254
254
254
254
254
254
254
254
254
254
254
254
254
254
254
254
254
254
254
254
254
254
254
254
254
254
254
254
254
254
254
254
254
254
254
254
254
254
254
254
254
254
253.95
253.75
253.85
252.65
250.8
251.5
247.25
249.7
243.65
239.8
236.7
231.95
231.25
229.35
219.75
216.5
214.15
211.15
210.65
203.05
201.9
198.8
195.45
190.8
190.45
186.85
185.2
179
177.4
175.55
175.85
165.8
160.85
157.15
156.1
155.25
153.35
149.45
142.6
142.05
140.25
138.65
136.25
134.5
132.8
129.05
129.75
127.15
126.85
126.7
123.75
120.3
118.85
113.2
113.35
110
107.6
104.35
105.95
102.3
105
100.6
100.15
100.15
101.65
99.25
96.2
92.15
93.75
91.35
93.85
89.65
86.7
88.25
87.3
81.35
75.65
78.8
78.15
72.05
73.85
73.7
74.7
71.5
70.45
69.85
68.4
66
69.5
64.9
63.25
64.5
64.95
60.2
57.4
57.45
59
56.2
55.05
55.95
54.75
54.8
52.45
50.1
52.45
49.8
48.55
46.85
48
47.45
45.9
45.3
47.75
46.4
44.2
44.3
42.7
44
42.8
38
39.3
40
39.1
38.25
37
35.35
37.15
37.65
38.75
36.7
36.2
35.7
37.3
33.85
34.7
32.5
32.75
34.4
33.6
33.45
33.2
32.65
31.5
30.35
31.9
30.6
29.4
29.05
29.55
29.1
30.85
30.05
30.1
28.15
29.25
29.5
29
28.45
29.9
29.65
28.35
26.85
25.5
24.75
26.45
26.2
25
24.2
26.15
27.2
25.75
23.6
24.1
23.3
24.25
24.1
25.8
24.1
24.25
22.3
22.95
22
23.05
23.2
23.8
22.3
22.9
22.55
23
21.8
24
23.25
23.45
23
23.85
22
22.6
22.35
24.2
23.4
22.65
21.25
24.45
23.7
23.65
23.05
24.95
22.5
22.95
21.2
21.95
22
23.15
22.65
22.15
22.3
24.8
24.15
24.15
24.05
23.3
23.55
24
24.9
25.5
24.15
23.25
22.4
23.05
24.85
26.35
25.85
27.95
27.05
25.95
25.65
25.8
28
28.15
27.85
27.2
27.15
29.35
32
34
32.1
32.5
32.2
33.25
34.3
34.9
33.75
35.45
35
36.3
37.05
39.1
40.45
40.55
39.75
43.95
41.55
44.6
46.3
49.95
47.85
45.95
47.7
51
48.3
51.1
55.45
55
56.6
57.55
58.8
62
59.15
59.8
61.4
61.65
61.05
62.55
64.15
63.7
61.3
63.6
62.55
60.75
60.5
59.85
58.9
58.2
54.4
53.3
52.3
53.15
49.85
48.5
49
46.75
46.8
41.8
40
40.85
39.85
38.45
38.1
38.05
34.55
34.4
32.7
34.3
32.85
35.15
30.75
29.85
28.35
28.6
24.9
26.85
25.55
25.95
25.65
25.2
24.65
24.6
23.75
24.4
24.75
25.7
24.85
24.5
23.3
22.8
22.55
21.8
20.65
22.05
21.7
21.95
20.85
19.25
18.5
18.95
18.85
18.9
18.9
19.1
18.6
18.8
18.65
17.25
17.85
18.9
17.9
17.55
17.05
17.7
16.6
17.7
17.35
18
17.45
18.1
17.1
16.25
16.8
17.05
16.45
16
14.9
16.35
16
15.6
14.7
15
13.9
14.25
13.15
14.75
14.95
15.3
14.55
14.15
13.6
13.8
14.5
13.9
13.15
14.05
13.45
13.85
13.2
13.15
13.5
13.8
12.8
12.95
13.95
14.15
12.7
12.7
12.35
13.3
12.15
12.8
11.85
12.1
12.35
13.05
11.6
12.6
12.05
12.75
12.85
12.05
10.85
11.85
11.35
11.55
10.7
10.45
10.35
9.3
7.7
9.1
9.4
9.4
9.2
8.8
7.4
8
8.15
7.65
7.35
7.35
7.2
8
7.6
7.35
6.3
6.3
6.15
6.9
5.75
5.8
5.95
6.4
6.3
7
6.5
6.4
5.45
6.05
5.7
6
5.25
5.65
5.5
5.85
5.65
6.05
5.25
5.4
5
5.25
5.25
5.9
5.5
5.55
4.55
5.95
5.15
4.9
4.65
4.85
4
4.4
4.3
4.55
4.5
5.15
4.85
5.1
4.9
5
4.45
4.85
3.95
4.9
4.95
4.8
3.6
3.75
4.35
4.75
4.15
4.15
3.75
3.9
4.2
4.35
4
4.55
4.9
5.4
4.35
4.75
4.5
4.35
4.1
4.55
3.9
4.4
3.85
4.25
4.25
4.35
3.75
4.3
4.3
4.1
4.25
4.9
4.05
4.05
3.9
4.45
3.85
4.25
4.1
4.5
4.55
4.85
4.85
4.95
4.1
4.4
4.25
4.7
4.45
4.55
5
4.95
4.4
4.35
4.4
5.25
4.35
4.65
4.3
4.3
3.3
3.75
3.9
3.9
3.5
4.15
3.65
3.75
3.25
3.9
4.2
4.15
3.85
4
3.35
4.35
4
4.3
3.9
4.15
3.4
3.95
3.4
3.75
3.7
4.6
4.3
4.55
4.4
4.5
4.15
4.25
3.6
3.95
3.7
4.2
4.35
4.35
3.95
3.9
3.1
3.8
3.95
4.35
3.9
4.35
4.05
4.3
3.9
4.2
3.4
3.55
3.6
4.15
3.45
3.75
3.45
4.05
3.35
3.55
3.9
3.7
3.35
4.1
3.55
3.85
3.95
4.3
4.2
4.3
3.65
4.2
3.85
4.55
3.8
3.55
3.5
4.2
