3.6
4.35
3.25
4.05
3.45
3.55
3.65
4.5
4
4.35
4.2
4.3
3.5
3.9
3.35
3.75
3.6
3.95
3.5
4.15
3.55
3.7
3.85
4.25
3.6
4.1
3.6
3.65
3.7
4.45
3.95
3.8
3.85
4.45
3.9
4
3.25
3.45
3.75
3.85
3.8
4.25
3.8
4.3
4.1
4.3
4.3
4.2
3.15
3.6
3.35
3.75
3.6
4.2
4.2
4.35
3.45
3.75
3.75
3.65
2.8
3.05
3.45
3.9
3
3.85
3.65
3.8
3.15
3.7
3.5
3.9
3.75
4.15
3.6
3.4
2.55
3.55
3.25
3.65
3.65
4.05
3.85
4.95
4.55
5.05
4.05
3.9
3.45
3.55
3.7
4.15
4.25
5
4.6
4.8
4.45
4.85
4.5
4.25
4.35
4.7
4.6
4.35
3.9
4.45
4.25
4.6
4.05
4.4
4.2
4.15
4.65
4.85
4.25
5
4.4
4.5
3.75
4.75
4.8
4.65
4.35
4.4
3.85
4.15
4
4.45
4.3
4.75
4.8
4.75
4.55
4.85
4.6
5.05
4.55
4.55
4.45
4.75
4.45
4.95
4.75
4.7
4.1
4.25
4.05
5
4.8
5.15
4.65
4.8
4.4
4.55
4.55
4.75
4.35
4.05
4.6
5
4.5
5
4.35
4.5
4.45
4.45
4.2
4.6
4.3
4.85
4.2
4.5
4.2
5.1
4.7
4.6
4.85
5.65
5.55
5.5
4.35
4.75
5.35
5.2
4.75
4.8
5
6.25
5.45
5.65
5
4.75
4.75
5.05
4.25
4.75
4.8
5.2
4.35
4.7
4.15
5
4.65
4.9
4.4
4.6
4.95
5.75
4.75
5
5.05
5.1
5.1
5.35
4.6
4.75
4.6
5.4
5.1
5.15
5.15
5.15
4.45
4.5
4.2
5.15
5.15
5.45
5.15
5.05
4.2
4.8
4.85
5.35
4.9
4.95
4.95
5.15
5.25
5.45
4.6
5
4.9
5.6
5.8
6.75
5.65
6.25
6.4
5.5
4.4
5.1
5.3
5.4
5.15
5.8
5.25
4.85
5
5.55
5.55
5.65
5.2
5.45
4.85
5.55
5.15
5.25
4.9
6.1
5.75
5.95
5.4
5.35
5.45
6.25
5.6
5.85
5.9
6.05
5.75
6.15
5.75
5.85
5.5
6.55
6.75
7.65
8
9
8.6
10.6
11.6
10.6
9.2
9.25
7.35
7.25
6.65
6.7
6.35
6.55
6.3
6.65
6.4
6.2
6.25
6.35
6.2
6.65
6.45
6.65
6.1
6.3
6.65
7.15
6.7
6.8
7
7.1
6.7
7.55
6.6
6.95
7.55
8.15
8.05
8.1
8.15
8.9
9.05
10
11.05
13.4
15.5
16.8
20.1
26.25
36.3
47.35
63.05
69.9
60.65
47.6
32.4
23.6
18.7
16.8
12.75
11.05
9
9.25
8.75
9.3
9
9.3
8.65
9.35
8.8
9.7
8.65
8.8
9.1
11.1
10.6
11.05
11.15
11.55
11.9
14.3
16.5
21.15
24.95
31.4
41.5
63.45
89
114.65
147.6
162.15
157.05
137.4
97.1
59.05
32.9
23.35
20.65
17.4
13.2
12.05
10.7
10.65
10.7
10.55
9.35
10.1
9.3
10
8.05
8.6
8.4
8.65
7.8
7.55
7.35
8.85
8.05
7.55
6.85
7.5
7.55
7.2
7.1
7.75
7.55
7.7
6.8
7.2
7.2
7.8
7.95
7.2
7.05
7.7
6.2
6.6
6.7
7.15
7
7.15
7.05
7.3
7
6.9
6.4
6.7
7.05
7.15
6.4
6.5
6.2
6.15
5.8
6.55
5.8
6.9
7.15
7.6
6.85
7.5
7.3
7.75
7.15
7.65
5.95
6.6
6.05
6.95
7.25
6.7
6.4
6.75
5.85
6.6
6.8
7.65
7.05
7.35
7.05
7.4
6.7
7.35
6.8
6.6
6.75
7.5
7.05
6.85
6.95
7.45
7
7.05
6.65
7.9
7.4
8.7
7.95
7.9
7.15
8.05
8
8.05
7.95
8.95
9.15
9.7
9.4
10.25
8.9
10.05
11.9
13
14
14.95
16.3
18.05
21.2
27.15
39.2
52.9
81.5
122.2
167.8
194.9
215.65
222.35
201.95
158.25
108.55
63.7
36.55
28.05
23.45
23.1
21.3
18.25
14.6
14.15
12
12.6
11.65
12.35
11.95
11.75
10.85
10.65
10.25
11.75
11.6
11.35
9.9
10.55
11.35
11.8
11.65
16.3
17.55
22.05
29.6
42.2
54.55
73.95
93.05
98.7
94.7
91.25
69.2
49.85
32.3
26.4
15.3
13.5
12.7
11.75
9.5
9.25
8.15
8.55
7.9
7.65
7.3
7.2
6.45
7.15
6.65
7.3
7.55
7.55
5.95
6.1
6.35
7.1
7
6.65
6.65
7.15
6.75
6.8
5.75
6
5.65
5.75
5.55
6.2
6.15
6.25
5.55
5.85
6
6.2
6.1
6.65
6.4
6.7
6.7
7.15
6.35
6.1
5.55
5.65
5.4
5.8
5.7
5.9
5.9
5.15
5.4
6.3
6.25
6.6
5.7
5.8
5.95
6.45
5.85
6
5.6
5.5
5.6
6.2
5.75
5.7
5.45
5.8
5.45
6.8
6.15
6.1
4.85
5.7
5.2
5.7
5.5
5.5
4.95
5.6
5
5.1
5.15
5.5
5.3
5.3
4.9
5.75
5.7
5.55
5.25
5.4
4.9
4.7
4.75
5.55
5.4
5.1
4.95
5.3
4.9
4.6
4.2
4.85
4.95
5.55
5.35
5.8
5.2
5.1
4.6
5.15
4.65
4.9
4.7
4.85
4.65
4.45
4.95
5.75
5.35
5.85
5.1
5.45
5.4
6.1
6.15
7.2
7.15
8.55
8.95
9.2
8.25
7.7
7.05
6.7
5.4
5.4
5.45
6.05
5.6
5.95
6.55
6
5.1
5.5
5.7
5.85
5.15
5.55
4.95
5.1
4.35
4.65
4.55
5.4
5.2
5.3
4.7
5.1
4.85
5.3
5.2
5.4
5.95
6.8
5.55
5.65
5.5
6.45
6.5
7.15
6
6.4
6.25
7
6.1
6.35
5.65
6.4
6.15
6.7
5.6
7.45
7.1
7.8
6.9
7.1
6.45
6.8
7.75
9.85
9.45
10.55
10.65
12
11.9
12.25
13
11.4
9.35
7.4
8
8.3
7.85
7.6
7.15
8.7
10.65
11.75
10.2
10.7
11.45
13.05
13.5
12.15
9.45
9.65
9
8.9
8.6
8
7.6
8.55
8.8
9.15
7.75
7.25
6.15
5.75
4.35
5
5.55
6.15
5.15
5.2
5
5.45
5.2
5.8
5.4
6.1
5.55
5.95
5.9
6.2
6.1
6.55
6.25
6.55
6.7
7.65
7.5
7.15
6.9
6.3
5.85
6.1
6.5
7.05
7.55
7.75
7.6
8.15
8.5
9.25
8.7
9.15
9.95
10.45
9.85
10.8
9.15
9.1
8.05
7.15
6.75
7.15
6.75
6.45
6
6.55
6.45
6.9
6.45
6.5
5.85
5.8
5.65
6.7
6.5
6.85
5.95
5.8
5.4
5.55
4.8
5.15
4.8
5.8
5.6
5.85
6
6.85
5.95
6.5
6.55
6.85
6.85
6.85
6.55
6.5
5.85
5.8
4.45
4.8
5.2
5.05
4.7
5.6
5.15
6.25
5.95
5.6
5.25
5
4.95
5.6
4.55
4.9
4.65
4.55
4.9
5.15
4.9
6
5.4
5.25
5.4
6.05
5.65
5.85
5.55
7.15
7.05
8.45
7.6
6.85
5.3
5.1
5.4
5.1
4.5
5.2
4.55
4.8
4.35
4.6
4.2
4.8
5.15
5.15
4.4
4.75
4.65
4.65
3.65
4.6
4.65
4.4
3.75
4.45
4.35
4.65
4.2
4.5
4.4
4.25
4.85
5.5
4.65
5.15
5
5.35
5.3
5.65
5.7
6.1
5.8
5.3
5.15
5.6
5.4
5.8
5.55
5.8
6.25
5.85
4.45
4.9
4.75
4.8
4.55
4.7
4.8
5.15
4.85
5.1
5.1
4.95
5.1
4.75
4.4
5.2
4.9
5.05
4.85
4.25
4.6
5.25
4.8
4.3
4
4.7
3.95
4.55
4.45
4.8
4.35
4.7
4.1
4.15
3.95
4.35
4.4
4.3
3.6
4.25
4
4.55
4.4
4.75
4.3
4.85
4.95
5.3
4.8
4.6
4.35
4.35
4.8
4.5
4.65
4.1
3.2
4.15
3.8
4.05
4.35
5
3.95
4.15
3.95
4.5
3.8
3.95
3.9
3.8
3.3
4.25
4.3
4.1
4.05
4.05
3.3
3.9
3.95
4.05
4
4.35
4.05
4.45
4.7
4.5
3.45
3.65
4.05
4.05
3.5
3.65
3.4
3.7
4.1
4.35
4.05
4.4
4.3
4.75
4.2
4.8
4.35
4
3.8
4.1
3.5
4
4.35
4.9
4
4.2
3.9
4.1
3.6
4.05
4.5
5.1
3.9
4.15
4.3
4.95
4.45
4.5
4.25
5.15
4.65
4.25
3.15
3.7
3.45
3.7
3.6
4.3
3.9
4.35
3.95
4.05
3.75
4.05
4
3.95
3.5
3.95
4
4.7
4.35
4.35
3.75
4.3
3.6
3.8
3.35
4.3
4.05
4.15
4.3
4.55
3.95
4.2
3.55
4
3.55
4.3
4.1
3.95
3.7
4
3.65
4.35
3.95
4.4
3.5
3.55
3.3
3.8
3.35
3.3
3.25
3.45
3.7
4.25
3.75
3.85
4.1
4.6
3.55
3.6
3.75
4.2
3.85
4.5
3.75
3.65
3.4
4.05
3.7
3.65
3
3.4
3.25
3.9
3.95
4.25
3.6
4.05
3.75
4.55
3.4
3.4
3.05
3
3.35
4.3
3.7
4.15
3.85
3.85
3.15
3.9
3.9
4.75
4.3
4.2
5.55
4.05
3.85
4.35
3.7
4.2
3.85
3.65
3.45
3.95
4.15
4.5
4
4.15
4.05
3.75
3.1
3.25
2.8
3.4
3.05
3.4
3.4
4.2
3.65
3.75
3.45
3.7
3.1
3.65
3.7
3.4
3.4
3.75
3.3
3.5
3.75
4
3.35
3.55
3
3.55
4.6
4.6
4
3.75
3.65
4.3
4.2
4.55
3.75
3.8
3.7
3.4
2.95
3.3
3.55
4.3
3.95
4.15
3.6
3.55
3.3
3.7
3.5
3.95
3.6
3.85
3.3
3.5
3.4
3.95
3.4
3.95
3.6
3.4
3.25
3.9
3.55
3.45
3.05
3.75
3.7
3.5
3.05
3.9
3.5
3.7
3.6
3.9
3.1
3.75
