4.3
4.55
4.3
4.65
4.15
4.55
4.05
4.75
4.25
4.55
4.1
4.45
4.05
4.6
4
4.5
4.35
4.55
4.05
4.7
4
4.45
4.3
4.7
3.9
4.55
4.1
4.5
4.25
4.7
4.15
4.55
3.9
4.65
4.4
4.6
4.05
4.6
4
4.6
4.2
4.65
4.35
4.7
4.3
4.5
4.4
4.55
4.2
4.5
3.9
4.5
4.2
4.5
3.9
4.5
4.2
4.45
4.05
4.3
3.75
4.3
4
4.3
4
4.45
4.2
4.6
3.9
4.55
4.15
4.5
4.25
4.6
3.85
4.45
3.8
4.35
3.9
4.35
4.1
4.35
3.95
4.4
4.1
4.35
4.15
4.7
4.4
4.75
4.45
4.55
4.35
4.55
4.6
4.75
4.4
4.8
4.55
4.6
4.5
4.8
4.5
4.75
4.45
4.75
4.6
4.85
4.45
4.8
4.85
4.9
4.65
4.85
4.65
4.85
4.45
4.8
4.7
4.85
4.7
4.95
4.75
4.8
4.75
4.9
4.8
4.9
4.9
5
5
5.05
4.9
5.2
4.95
5.05
5
4.95
4.85
5.15
4.9
5.15
5
5.2
5
5.4
5
5.25
5.05
5.4
5
5.45
5.3
5.6
5.3
5.6
5.15
5.6
5.2
5.8
5.65
6
5.65
6.2
5.95
5.95
6
6.25
6.05
6.4
5.9
6.3
6.2
6.5
6
6.45
5.95
6.3
6
6.4
6
6.5
6.2
6.25
6.1
6.55
6
6.6
6.15
6.65
5.95
6.5
6.25
6.7
6.35
7.1
6.4
6.6
5.95
6.05
6.05
6.9
6.1
6.85
6
6.95
6.45
6.9
6.2
6.7
6.2
6.9
6.3
7.05
6.25
7.3
6.9
6.7
6
6.9
6.5
6.9
6.9
7.4
7
7.5
6.5
7
6.7
7.5
7
7.4
6.9
7.1
6.5
7.2
6.6
7.2
6.5
7.4
7
7.2
6.7
7.5
7
7.5
6.9
7.1
7.3
7.6
7.3
7.6
7.2
7.6
7.3
7.6
7.4
7.7
7.4
7.85
7.5
7.8
7.4
7.7
7.5
7.8
7.9
7.75
7.9
7.85
7.4
7.7
7.2
7.8
7.5
7.7
7.6
7.9
7.8
8
7.6
8
7.9
7.85
7.8
8
8
8.1
7.9
8
8
8
7.9
8.15
8
8.25
8.05
8.15
8.35
8.9
8.5
8.95
8.55
8.8
8.2
8.6
8.2
8.9
8.6
9.35
9.05
10.25
9.9
10.7
10.7
11.3
10.9
11.4
11.25
11.9
11.4
12.05
11.85
12.3
11.9
12.6
11.7
11.85
11
11.45
11.15
11.65
11.3
11.8
11.5
12.2
12.4
13.4
13.1
13.6
13.6
14.8
14.6
15.05
15
15.65
15.35
16.1
16.3
17
17.2
18.3
19.1
20.6
21.2
23.2
24.15
26.05
28.4
31.35
32.8
34.5
36.7
40.65
43.3
48
51.35
57.5
62.5
67.5
72.15
80.55
86.95
93
100.1
107.35
113.1
120.45
127.5
137.1
144.5
156.25
163.7
173.15
180.95
191.15
201.55
209.7
217.2
224.55
231.35
234.95
237
238.25
236.9
236.15
234.15
229.55
218.75
209.9
201.3
189.45
176.9
167.8
157.7
147.45
141.5
134.55
125.95
119.2
114.55
111.55
105.55
102.1
97.15
92.3
86.45
81.35
75.3
71.45
67.45
65.85
61.6
59
54.85
53.3
51.1
50.05
47.3
46.2
44.65
44.2
43.15
42.45
40.65
39.85
38.7
38.7
37.65
39
38.15
38.55
38.2
38.2
37.95
38.7
39.75
42
41.95
42.8
42.35
44.25
45.25
46.35
46.45
47.7
48.8
50.4
51.8
53.3
53.65
57.45
58.7
61.55
62.95
65.85
67.85
71.25
72.1
74.6
76
78.3
80.35
83.8
84.6
87.05
88.05
90.15
91.25
93.7
95
95.65
96.45
98.95
100.2
103.25
103.55
103.9
104.55
106.55
107.1
110.05
110.25
111.45
112.45
113.05
112.75
114.8
115.05
116.65
116.8
117.5
117.85
119.05
119.65
120.6
122.05
122.85
122.8
123.15
122.9
123.2
122.8
123.55
122.55
124.1
123.25
123.35
123.75
123.9
124.9
125.1
125.15
126.6
125.9
126.1
126.7
127.4
126.4
127.25
127.1
127.95
128
128.25
125.5
125
124.6
125.6
125.4
127.05
126.75
126.95
126.4
128.05
127.35
126.55
125.9
126.05
125.05
125
124
123.65
122.7
122.65
122.45
122.8
120.85
120.4
119.25
120.85
119.95
119.7
118.3
118.05
115.65
115.25
114.5
114.15
112
111.8
110.95
110.65
109.7
110.05
108.4
109
108.25
107.05
106.45
105.9
103.35
103.55
103.65
101.5
98.95
98.8
97.15
96.2
94.7
95.45
93.1
93.05
90.9
90.65
88.85
87.8
85.75
85.5
84.25
83.7
81.8
80.25
78.95
78.1
75.95
76.35
74.9
73.55
70.55
70
68.45
67.95
65.9
65.95
63.75
63.35
61.75
61.65
60.25
58.65
56.15
56.7
54.95
54.25
51.75
52.1
51
50.7
49.2
48.15
46.95
47.5
46.55
46.1
44.2
44.3
42.4
41.6
41.25
40.05
38.55
38.5
36.85
36.9
35.95
35.75
33.75
34.15
32.75
32.9
32.2
32.3
31.6
31.45
30.7
30.3
29.2
29.1
27.7
27.45
26.55
26.1
25.25
25.35
25.1
25.05
24
24
23.15
23.2
22.25
22.55
21.75
21.95
20.5
20.6
20.25
20.15
19.75
19.7
18.55
18.7
18.05
17.95
17.5
17.55
16.95
16.95
16.05
16
15.8
16.05
15.8
15.7
14.75
15.25
14.15
14.65
13.95
14.25
13.55
14.35
13.5
13.4
12.65
13.1
12.6
12.8
12.15
12.6
11.9
12.2
11.55
11.9
11.2
11.5
10.85
11.6
11
11.35
10.8
11.25
10.35
10.35
9.6
10.25
9.6
10.1
9.65
9.75
9.1
9.75
9.15
9.4
8.85
9.15
8.55
8.9
8.55
9.25
8.5
8.8
8.25
8.5
8.05
8.5
8.05
8.25
8
8.1
8.05
8.15
7.7
8.25
8
7.95
7.8
7.9
7.9
8
8
8.05
8
7.9
7.6
7.9
7.6
7.7
7.7
7.7
7.1
7.5
7.4
7.5
7
7.3
6.8
7.1
6.7
7
6.2
7
6.5
7
6.4
7.1
6.3
6.6
6
6.7
6.1
6.4
6
6.55
6.05
6.5
5.8
6.2
5.9
6.3
5.95
6.65
5.95
6.4
6.1
6.5
5.95
6.4
6
6.3
5.85
5.9
5.6
6.1
5.75
5.9
5.8
6.05
5.85
6.1
5.85
6.25
5.75
5.85
5.55
5.8
5.8
5.7
5.7
5.75
5.5
5.8
5.9
5.8
5.45
5.8
5.45
5.75
5.6
5.85
5.65
5.8
5.6
5.65
5.3
5.85
5.35
5.8
5.4
5.6
5.35
5.55
5.4
5.9
5.4
5.5
5.4
5.75
5.6
5.75
5.45
5.85
5.55
5.55
5.65
5.9
5.7
5.75
5.65
5.95
5.65
5.95
5.7
5.9
5.7
6.15
5.8
6.15
5.8
5.9
5.65
5.8
5.65
6.25
5.85
6.25
5.6
6.35
5.85
6.5
6.2
6.35
6.1
6.7
6.1
6.7
6.3
6.85
6.1
6.65
6.25
7.4
6.7
7.3
6.7
7.4
7.2
7.6
7.1
7.6
6.7
7.5
7.4
7.7
7.7
7.9
7.9
8.05
8
8.1
8
8.2
8.15
8.4
8.25
8.4
8.1
8.2
8.2
8.3
8.3
8.6
8.05
8.6
8.2
8.65
8.4
8.7
8.25
8.75
8.45
8.35
8.2
8.35
8.15
8.15
8.2
8.2
8.05
8.25
7.7
8.1
7.6
7.7
7.1
7.3
6.2
7.5
6.9
7.4
6.8
6.9
6.5
6.9
6.2
6.7
6.4
6.7
6.15
6.7
5.9
6.15
5.75
5.9
5.7
6.2
5.8
5.85
5.65
5.8
5.65
5.8
5.6
5.75
5.75
5.85
5.5
5.8
5.45
5.6
5.6
5.85
5.4
5.7
5.25
5.35
5.25
5.55
5.1
5.55
5.05
5.35
5.3
5.4
5.05
5.45
5.15
5.45
5.3
5.3
5.05
5.3
5.1
5.4
5
5.35
5.2
5.4
5
5.35
5.05
5.2
5
5.15
5
5.25
5.1
5.1
4.95
5.35
5.05
5.3
5.05
5.25
4.95
5.2
5
5.15
5
5.2
5
5.15
4.95
5.05
4.95
5.2
4.95
5.1
5
5.15
4.85
4.95
4.75
4.9
4.85
5.15
5
4.95
4.75
4.8
4.75
5.05
4.8
4.9
4.95
5.1
4.9
5.05
4.9
5
4.8
4.95
4.75
4.8
4.55
4.75
4.5
4.85
4.5
4.55
4.7
4.6
4.35
4.7
4.5
4.75
4.1
4.6
4.3
4.55
4.2
4.5
3.95
4.4
3.95
4.45
4.3
4.65
4.15
4.45
3.95
4.5
3.9
4.25
3.8
4.15
3.95
4.45
3.85
4.35
3.85
4.35
4.05
4.45
3.85
4.45
3.9
4.15
3.75
4.2
3.65
4.15
3.95
4.15
3.65
4.05
3.75
4.3
3.7
4.15
3.45
4.05
3.65
4.1
3.75
4.15
3.5
4.05
3.55
4.15
3.5
4.2
3.6
4.1
3.6
4.05
3.7
4.15
3.7
4.4
3.75
4.2
3.5
4.25
3.4
4
3.65
4.2
3.5
3.9
3.6
4.3
3.75
4.25
3.7
4.25
3.75
4.15
3.65
4.05
3.45
3.95
3.45
4.15
3.8
3.95
3.45
3.95
3.45
4.15
3.95
4.15
3.75
4.05
3.7
4.1
3.55
4.1
3.4
4.1
3.6
4
3.6
3.9
3.6
3.9
3.6
4
3.5
4.05
3.55
4.1
3.45
4.25
3.8
4.05
3.35
4.2
3.55
4.1
3.6
4.45
3.6
3.7
3.45
4.05
3.45
4.05
3.25
3.75
3.35
3.9
3.5
3.95
3.35
3.85
3.55
3.9
3.45
4
3.5
4.1
3.55
4.15
3.75
4.2
3.5
3.85
3.5
4.05
3.55
3.95
3.5
4.2
3.55
4.2
3.8
4.15
3.8
4.25
3.25
4.05
3.6
4
3.3
3.75
3.55
3.8
3.3
3.65
3.65
4
3.65
4
3.45
3.8
3.7
4.05
3.45
4.05
3.65
3.95
3.55
3.95
3.55
4
3.75
4.1
3.55
4.25
