14.4
14.65
13.9
15.05
14.2
15.3
14
14.35
12.95
13.95
13.35
15.55
15.25
16.15
15.5
15.8
13.85
15
13.65
14.05
13.35
14.75
15.1
15.75
14
14.7
13.45
14.45
13.45
15
12.7
14.3
14.5
16
14.6
15.45
14.45
14.4
14.2
15.65
13.5
13.7
12.8
14
14.55
14.85
13.65
13.75
12.7
14.1
14.6
15.05
14
15.15
15.35
15.6
13.6
15
13.95
14.45
12.95
14.3
13.95
15.6
14.3
15.55
13.95
15.05
13.6
14.8
13.75
15.1
13.6
14.45
13.1
14.3
13.6
14.35
14.15
14.55
12.75
14.35
13.9
15.35
14.4
14.35
13
14.6
14.2
15.55
13.55
15.05
14.4
14.85
14.9
15.7
14
15.55
14.15
15.05
14.7
15.15
14
15.2
15.3
15.75
14.15
15.4
14.35
14.6
14.55
15.35
14.25
14.95
13.95
14.75
14.3
15
14.4
15.1
13.25
14.35
13.6
14.8
14.1
15.25
14.55
16.85
15.5
16.05
14.45
15.05
14.6
14.8
13.9
15
14.45
15.35
13.55
14.95
14.15
15.05
14.85
15.9
14.5
15.05
14.55
14.95
13.95
15.6
14.6
14.6
13.6
15.6
15.2
15.4
14.8
15.4
15
15.3
14.7
15.85
15.25
15.9
13.9
13.95
14.45
14.55
13.45
14.2
14
15.05
13.7
15.55
14.4
15.6
14.9
16.3
15.65
15.9
13.1
14.6
14.55
15.75
14.4
15.35
15.15
15.55
13.65
15
14.65
15.45
14.3
15.6
13.1
14.65
14.3
15.35
13.75
14.55
13.45
14.4
13.3
14.25
13.7
15.25
14.75
15.85
13.85
15.4
14.55
15.65
14.75
15.65
15
15.35
13.5
14.3
13.5
14.9
14.1
14.6
12.9
14.9
14.3
15.35
14.65
15.5
14.15
14.95
13.7
14.9
14.6
15.5
14.6
15.35
13.9
15.7
14.95
15.25
13.35
14.45
13.9
16.05
15.4
15.35
14.05
15.7
14.55
15.8
13.55
14.8
14.4
15.55
14.9
15.55
14.1
14.5
14.25
15.45
14.6
15.5
15.4
15.25
13.45
14.1
14.45
14.95
13.25
14.75
13.75
13.5
13.55
15.05
14.5
15.95
15
15.15
14.5
15.25
13.8
14.85
14.15
14.6
13.4
15.1
14.55
15.45
15.15
15.7
14.95
15.55
14.1
14.95
14.5
15.4
13.4
14.95
14.05
14.8
13.1
15.2
14.15
15.5
15.85
15.85
14.2
15.7
14.65
14.6
13.25
15.1
13.25
13.95
13.8
14.35
13
14
14.1
15.75
14.45
15.8
13.9
14.75
14.45
15.15
13.8
15
14.55
15.45
13.6
14.8
14.1
14.85
14.2
14.45
12.6
14.05
14.2
14.75
12.95
13
13.3
15
14.5
14.7
13.3
14.6
13.95
15.65
14.45
15.05
13.7
15.4
14.95
15.7
13.95
15.25
14.05
14.85
13.6
14.65
14.9
15.1
13.6
15.5
15.6
15.7
13.1
14.25
13.7
15.2
14.5
16.15
13.65
14.7
14.35
15.95
14.85
16
15.9
16.45
15.1
15.25
14.4
14
13.05
14.8
13.85
14.65
14.4
15.4
13.75
15
14.3
15.1
14.55
14.9
15.15
16.05
14.55
15.2
14.4
15.7
15.2
16.1
14.6
15.4
14.15
15.05
13.2
14.35
13.45
14.85
13.6
14.1
13.5
15
13.95
14.4
13.8
14.6
13.75
14.95
14.75
16.05
13.55
15.25
15.2
15.85
14.75
15.35
14.55
15.4
13.6
15.05
14.05
16.05
14.5
15.7
14.9
14.7
13.7
15.4
14.5
14.9
14
14.4
13.15
15.05
13.5
15.2
14.6
15.7
14.1
15.1
14.2
15.3
14.2
14.2
13.75
14.5
13
14.8
14.6
15.9
14.95
14.55
13.55
14.75
14.45
14.9
13.25
14.85
13.95
15.45
14.3
14.6
14.7
15.8
14.2
14.45
14.9
16.5
14.4
15.1
13.9
15.3
14.3
15.2
13.8
13.95
13.25
16.05
14.85
15.15
15
16.05
13.9
13.85
13.1
14.35
14.35
15
13.65
15.45
14.3
15.95
15.05
16.3
15.3
16.35
15.5
15.55
14
15.1
14.2
14.65
13.8
15
13.95
14.75
13.7
14.65
14.45
16.15
15.25
15.95
15.7
15.8
13.95
15.2
13.65
14.2
13.4
15.4
13.55
14.65
13.95
14.3
13.8
15.25
14.75
16.25
14.05
15.55
15.45
15.3
13.75
15.15
14.35
15.25
14.7
15.6
15.2
15.85
14.6
15.25
13.45
14.75
14.15
14.3
12.9
14.5
14.25
15.15
14.25
15.5
14.95
14.65
13.7
14.45
14.4
15.35
13.6
14.25
14.2
15.45
14.6
15.9
14.25
14.6
13.85
16.3
15.45
16
14.5
15.2
14.45
15.4
14.45
15.6
14.15
14.8
13.95
15.3
14.75
16.15
13.5
13.85
13.45
15
14.3
15.2
14.15
15.4
13.85
15.2
13
14.25
13.85
15.2
14.5
14.85
14.6
15.9
15.95
16.25
14.35
15.75
13.75
14.1
13.3
14.9
14.4
15.85
15.1
16.05
14.3
14.5
14.9
15.9
15.85
15.1
13.25
14.65
14.3
15.2
14.85
15.1
13.6
14.65
14.5
15.1
14.6
15.3
14.2
14.7
13.85
15.25
13.9
14.8
13.75
15.05
13.45
14.65
14.9
16.65
14.6
14.95
13.9
15.35
13.7
13.65
13.5
15.2
15
16
14.25
15.05
14.6
15.45
14.1
14.9
14.85
15.4
13.9
14.85
14.1
14.6
14.5
16.25
14.45
15
13.7
14.4
13.7
15.55
13.9
15.2
14.95
15
14
14.85
13.5
14.95
14.45
15.65
14.05
15.4
14.4
14.9
13.8
15
14.35
15.1
13.8
15.35
14.5
15.65
15.25
16.45
15.4
15.25
13.3
14.65
13.45
14.75
13.65
14.8
13.95
15.2
14.85
15.5
15.2
15.85
14.85
15.2
14.3
15.35
13.3
14.15
14.05
14.85
14.25
15.75
14.9
15.3
14.15
15.45
14.05
14.8
15.45
15.6
14.05
15
14.35
15.65
14.95
16
14.8
15.65
15.25
16.25
15.1
15.4
13.4
15
14.05
14.25
13.2
15.6
14.35
15.3
14.8
15.7
14.55
15.75
14.15
14.7
13.95
15.6
14.25
15.55
14.45
15.1
15.05
15.9
15.15
15.4
14.15
15.4
15.75
15.3
14.85
14.9
13.2
15.95
14.5
15.2
14.75
14.4
13.5
14.7
14.25
14.75
13.7
14.4
13.35
14.9
14.4
15.75
15.1
15.9
13.45
14.6
14.75
15.4
15.3
15.7
14.15
15.6
14.8
15.2
13.5
15
14.35
14.9
14.8
15.95
15.6
16.15
15.35
16.2
13.95
14.4
13.95
15.6
14.9
15.6
14.75
16.15
13.8
14.8
15.25
16.35
15.1
14.4
12.6
13.55
12.55
14.4
14.65
15.55
13.45
14.95
14.5
15.85
15.05
15.85
14.25
15.6
15.15
15.8
14.5
14.55
14.35
14.75
13.95
15.25
14.15
14.5
13.55
14.8
13.55
14.65
14.35
15.55
15.05
15.3
13.4
14.65
13.5
15.1
15.45
15.75
13.4
15.1
14
14.75
14.1
15.15
14.05
14.65
15
15.3
12.95
14.4
13.8
14.05
13.75
16.35
15.55
15.65
14.8
15.7
14
14.2
12.95
14.65
14.4
15.15
14.5
15.6
14.2
13.9
13.2
14.7
14.1
15.15
13.9
15.2
14.1
15
13.9
14.55
14.55
15.55
13.75
14
14.2
15.55
13.95
13.95
13.5
14
13.35
14.95
14.5
15.65
14.55
15.1
13.8
14.85
15.05
15.75
14.55
15.7
14.1
14.7
14.8
15
13.95
15.05
14.25
14.85
13.6
14.45
14.35
15.55
14.9
15.3
13.5
15.1
14.25
14.8
13.95
14.7
13
14.3
14.95
16
15
15.35
14.05
15.45
15.1
15.8
12.85
14.35
14.5
15.55
14
14.8
13.7
15.2
14.85
14.6
14.35
15.65
14.85
15.45
14.3
15.45
14.55
15.8
14.55
15.3
15.1
15.85
14.4
15
14.2
15
14.25
15.45
14.25
15.7
14.5
14.9
14.2
14.55
13.45
14.9
13.65
14.8
14.4
14.8
14.05
15.45
14.65
14.95
14.8
14.85
14
15
14.2
14.45
13.6
15.35
15.1
15.6
14.1
15.4
14.95
15.65
14.2
14.85
13.65
15.45
14.95
15.65
14.25
15.55
14.95
15.65
13.3
13.8
13.55
15.7
14.95
15.05
13.45
14.3
14.55
16.2
14.8
15.1
14.35
15.25
13.25
14.15
13.25
15.05
13.95
15.1
13.6
15.2
14.5
15.25
14.15
15.7
14.65
14.35
14.05
14.9
14.55
15.35
14.15
14.4
13.8
15.25
15.55
16.05
14.15
15.95
14.65
16.05
15.1
15.75
15.05
14.65
14
15.25
14.15
15.45
15.1
16.55
14.95
15.25
14.2
14.25
13.15
14.6
13.45
14.9
14.7
16.05
13.65
14.6
13.4
13.7
13.25
14.85
13.65
14.85
13.7
14.85
14.25
15.45
13.85
15.4
14.3
15.25
13.9
14.25
13.7
14.85
14.65
16.05
14.75
15.2
14.55
15.2
14.15
15.15
13.65
14.7
13
14.1
14.15
15.6
14.35
15.45
13.9
14.95
13.85
14.7
13.05
14.7
13.85
14.65
14.3
15.5
14.4
14.5
13.9
14.55
13.25
15.2
13.4
14.15
13.75
14.85
13.4
15.4
14.7
14.15
12.8
14.25
14.5
15.1
14.45
15.45
13.4
14.25
14.25
15.1
13.95
15.45
14.75
15.2
14.95
14.9
13.6
14.65
13.95
14.75
13.6
15.05
13.8
15.1
14.25
15.05
14.85
15.1
13.7
14
12.6
14.25
13.6
13.75
13.25
15.5
15.2
15.45
14.1
14.85
14.35
14.75
14.1
15.7
13.9
14.45
14.55
15.75
13.9
15.35
14.9
16.15
14.1
14.45
13.1
13.85
13.1
15.1
13.2
13.95
13.15
14.6
14.05
15.05
14.2
15.15
15.3
15.7
14.65
15.9
16.3
16.4
15.6
15.45
13.3
13.6
13.65
15.9
15.1
14.75
13.85
15.6
15.2
14.9
12.75
14.15
13.3
14.8
14.75
15.2
14.15
15.45
13.9
14.4
12.8
14.3
13.55
14.6
14.45
14.35
13.3
15.05
14.05
14.7
13.7
15.2
13
13.95
12.85
15.7
15.05
15.15
14.45
14.75
13.6
14.5
14.35
15.6
13.7
14.75
13.85
14.8
